id,cost,status
3,0,0
30,752727.4844,0
56,3734907.508,0
58,1695902.081,0
84,3422025.594,0
85,17890758.37,0
86,965325.3057,0
111,7154763.02,0
112,2979099.271,0
113,8816207.662,0
138,2742.06055,0
139,9893010.473,0
140,3297944.373,0
141,2632042.236,0
166,0,0
167,40758088.39,0
168,7199345.051,0
170,4404982.32,0
194,10392304.85,0
195,10392304.85,0
196,3113009.755,0
197,2137965.715,0
198,159423.7085,0
221,16333171.81,0
222,20784609.69,0
223,13856406.46,0
224,5705185.372,0
225,2559851.195,0
248,3000473.586,0
249,20784609.69,0
250,20784609.69,0
251,20544683.15,0
252,40748026,0
253,6348030.308,0
275,1098081.049,0
276,10392304.85,0
277,20784609.69,0
278,13856406.46,0
279,10392304.85,0
280,10378585.68,0
281,3441749.723,0
303,13736229.5,0
304,10392304.85,0
305,10392304.85,0
306,10392304.85,0
307,20784609.69,0
308,13856406.46,0
309,3043901.495,0
330,7038324.084,0
331,20784609.69,0
332,41569219.38,0
333,20784609.69,0
334,20784609.69,0
335,20784609.69,0
336,20784609.69,0
337,14214565.48,0
358,13856406.46,0
359,10392304.85,0
360,10392304.85,0
361,10392304.85,0
362,20784609.69,0
363,13856406.46,0
364,10392304.85,0
365,3681810.582,0
382,1340070.88,0
385,2292902.8,0
386,10392304.85,0
387,20784609.69,0
388,13856406.46,0
389,10392304.85,0
390,10392304.85,0
391,10392304.85,0
392,20784609.69,0
393,9527294.729,0
407,1571968.41,0
409,2281097.276,0
410,252766.1882,0
413,15421261.73,0
414,20784609.69,0
415,20784609.69,0
416,20784609.69,0
417,41569219.38,0
418,20784609.69,0
419,20784609.69,0
420,20784609.69,0
421,941812.7681,0
434,744350.9402,0
437,38204616.53,0
441,10392304.85,0
442,20784609.69,0
443,13856406.46,0
444,10392304.85,0
445,10392304.85,0
446,10392304.85,0
447,20784609.69,0
448,13763245.81,0
449,999840.4561,0
462,12520316.35,0
464,8219867.046,0
465,7771500.797,0
468,14220612.47,0
469,10392304.85,0
470,10392304.85,0
471,10392304.85,0
472,20784609.69,0
473,13856406.46,0
474,10392304.85,0
475,10392304.85,0
476,8813005.044,0
477,1036461.446,0
487,64863.38477,0
489,7367424.145,0
490,12044310.35,0
491,8934082.843,0
492,20784609.69,0
493,18605727.3,0
496,20784609.69,0
497,41569219.38,0
498,20784609.69,0
499,20784609.69,0
500,20784609.69,0
501,20784609.69,0
502,41569219.38,0
503,20784609.69,0
504,20066025.01,0
505,1054361.546,0
512,7567980.517,0
513,2029.20752,0
514,7471524.292,0
516,19362270.27,0
517,41569219.38,0
518,14598835.75,0
519,20784609.69,0
520,20784609.69,0
521,3905619.636,0
523,7231868.075,0
524,10392304.85,0
525,20784609.69,0
526,20784609.69,0
527,20784609.69,0
528,10392304.85,0
529,10392304.85,0
530,10392304.85,0
531,10392304.85,0
532,20671092.2,0
533,1487165.802,0
538,86217.11377,0
539,3560677.684,0
540,6358966.412,0
541,5004594.455,0
542,15263785.68,0
543,2577660.007,0
544,13856406.46,0
545,10392304.85,0
546,10392304.85,0
547,20784609.69,0
548,10392304.85,0
551,13856406.46,0
552,20784609.69,0
553,41569219.38,0
554,10392304.85,0
555,10392304.85,0
556,13856406.46,0
557,20784609.69,0
558,13856406.46,0
559,10392304.85,0
560,8028516.351,0
561,683467.959,0
565,4582234.004,0
566,11523926.43,0
567,20784609.69,0
568,11388360.25,0
569,10392304.85,0
570,9869048.844,0
571,20784609.69,0
572,20784609.69,0
573,13856406.46,0
574,10392304.85,0
575,10392304.85,0
576,10948673.67,0
578,11463310.23,0
579,20784609.69,0
580,41569219.38,0
581,41569219.38,0
582,41569219.38,0
583,20784609.69,0
584,20784609.69,0
585,20784609.69,0
586,20784609.69,0
587,41569219.38,0
588,19933695.03,0
589,3736758.664,0
591,5098363.932,0
592,19424806.52,0
593,8109575.672,0
594,20784609.69,0
595,20784609.69,0
596,20784609.69,0
597,41569219.38,0
598,20784609.69,0
599,20784609.69,0
600,20784609.69,0
601,20784609.69,0
602,41569219.38,0
603,20784609.69,0
604,5390303.783,0
606,10392304.85,0
607,41569219.38,0
608,20784609.69,0
609,10392304.85,0
610,10392304.85,0
611,13856406.46,0
612,20784609.69,0
613,10392304.85,0
614,10392304.85,0
615,10392304.85,0
616,9712158.728,0
617,12246642.88,0
618,3777555.089,0
619,4577192.284,0
620,10392304.85,0
621,10392304.85,0
622,20784609.69,0
623,10392304.85,0
624,10392304.85,0
625,10392304.85,0
626,10392304.85,0
627,20784609.69,0
628,10392304.85,0
629,10392304.85,0
630,10392304.85,0
631,10392304.85,0
633,2119817.377,0
634,13856406.46,0
635,41569219.38,0
636,20784609.69,0
637,20784609.69,0
638,20784609.69,0
639,10392304.85,0
640,10392304.85,0
641,13856406.46,0
642,20784609.69,0
643,13856406.46,0
644,10392304.85,0
645,17599830.46,0
646,13219932.51,0
647,20784609.69,0
648,8218244.847,0
649,10392304.85,0
650,10392304.85,0
651,13856406.46,0
652,20784609.69,0
653,13856406.46,0
654,10392304.85,0
655,10392304.85,0
656,13856406.46,0
657,20784609.69,0
658,13856406.46,0
659,5950955.727,0
661,11056836.71,0
662,41569219.38,0
663,13856406.46,0
664,10392304.85,0
665,20784609.69,0
666,20784609.69,0
667,20784609.69,0
668,13856406.46,0
669,10392304.85,0
670,10392304.85,0
671,13856406.46,0
672,20784609.69,0
673,13856406.46,0
674,10392304.85,0
675,10392304.85,0
676,13856406.46,0
677,20784609.69,0
678,13856406.46,0
679,10392304.85,0
680,10392304.85,0
681,13856406.46,0
682,20784609.69,0
683,13856406.46,0
684,10392304.85,0
685,10392304.85,0
686,12042324.59,0
688,666218.478,0
689,13856406.46,0
690,20784609.69,0
691,10392304.85,0
692,20784609.69,0
693,20784609.69,0
694,10392304.85,0
695,10392304.85,0
696,10392304.85,0
697,20784609.69,0
698,10392304.85,0
699,10392304.85,0
700,10392304.85,0
701,10392304.85,0
702,20784609.69,0
703,10392304.85,0
704,10392304.85,0
705,10392304.85,0
706,10392304.85,0
707,20784609.69,0
708,10392304.85,0
709,10392304.85,0
710,10392304.85,0
711,10392304.85,0
712,20784609.69,0
713,10392304.85,0
716,18297852.93,0
717,41569219.38,0
718,20784609.69,0
719,20784609.69,0
720,41569219.38,0
721,20784609.69,0
722,41569219.38,0
723,20784609.69,0
724,20784609.69,0
725,20784609.69,0
726,20784609.69,0
727,41569219.38,0
728,20784609.69,0
729,20784609.69,0
730,20784609.69,0
731,20784609.69,0
732,41569219.38,0
733,20784609.69,0
734,20784609.69,0
735,20784609.69,0
736,20784609.69,0
737,41569219.38,0
738,20784609.69,0
739,20784609.69,0
740,20784609.69,0
741,9617816.661,0
743,39060.73486,0
744,13856406.46,0
745,13856406.46,0
746,13856406.46,0
747,20784609.69,0
748,20784609.69,0
749,10392304.85,0
750,10392304.85,0
751,13856406.46,0
752,20784609.69,0
753,13856406.46,0
754,10392304.85,0
755,10392304.85,0
756,13856406.46,0
757,20784609.69,0
758,13856406.46,0
759,10392304.85,0
760,10392304.85,0
761,13856406.46,0
762,20784609.69,0
763,13856406.46,0
764,10392304.85,0
765,10392304.85,0
766,13856406.46,0
767,20784609.69,0
768,13856406.46,0
771,10377790.61,0
772,41569219.38,0
773,10392304.85,0
774,10392304.85,0
775,20784609.69,0
776,13856406.46,0
777,20784609.69,0
778,10392304.85,0
779,10392304.85,0
780,10392304.85,0
781,10392304.85,0
782,20784609.69,0
783,10392304.85,0
784,10392304.85,0
785,10392304.85,0
786,10392304.85,0
787,20784609.69,0
788,10392304.85,0
789,10392304.85,0
790,10392304.85,0
791,10392304.85,0
792,20784609.69,0
793,10392304.85,0
794,10392304.85,0
795,10392304.85,0
796,2226475.281,0
799,20784609.69,0
800,20784609.69,0
801,20784609.69,0
802,41569219.38,0
803,20784609.69,0
804,20784609.69,0
805,20784609.69,0
806,20784609.69,0
807,41569219.38,0
808,20784609.69,0
809,20784609.69,0
810,20784609.69,0
811,20784609.69,0
812,41569219.38,0
813,20784609.69,0
814,20784609.69,0
815,20784609.69,0
816,20784609.69,0
817,41569219.38,0
818,20784609.69,0
819,20784609.69,0
820,20784609.69,0
821,20784609.69,0
822,41569219.38,0
823,20784609.69,0
826,1335126.045,0
827,20784609.69,0
828,13856406.46,0
829,13856406.46,0
830,20784609.69,0
831,20784609.69,0
832,20784609.69,0
833,13856406.46,0
834,10392304.85,0
835,10392304.85,0
836,13856406.46,0
837,20784609.69,0
838,13856406.46,0
839,10392304.85,0
840,10392304.85,0
841,13856406.46,0
842,20784609.69,0
843,13856406.46,0
844,10392304.85,0
845,10392304.85,0
846,13856406.46,0
847,20784609.69,0
848,13856406.46,0
849,13856406.46,0
850,10392304.85,0
851,4244393.367,0
854,7207156.435,0
855,10392304.85,0
856,10392304.85,0
857,20784609.69,0
858,20784609.69,0
859,10392304.85,0
860,10392304.85,0
861,10392304.85,0
862,20784609.69,0
863,10392304.85,0
864,10392304.85,0
865,10392304.85,0
866,10392304.85,0
867,20784609.69,0
868,10392304.85,0
869,10392304.85,0
870,10392304.85,0
871,10392304.85,0
872,20784609.69,0
873,10392304.85,0
874,10392304.85,0
875,10392304.85,0
876,13856406.46,0
877,20784609.69,0
878,10392304.85,0
879,1311367.441,0
882,41569219.38,0
883,20784609.69,0
884,41569219.38,0
885,41569219.38,0
886,41569219.38,0
887,41569219.38,0
888,20784609.69,0
889,20784609.69,0
890,20784609.69,0
891,20784609.69,0
892,41569219.38,0
893,20784609.69,0
894,20784609.69,0
895,20784609.69,0
896,20784609.69,0
897,41569219.38,0
898,20784609.69,0
899,20784609.69,0
900,20784609.69,0
901,20784609.69,0
902,41569219.38,0
903,20784609.69,0
904,20784609.69,0
905,20784609.69,0
906,9915465.617,0
909,4310770.25,0
910,10392304.85,0
911,13856406.46,0
912,20784609.69,0
913,20784609.69,0
914,13856406.46,0
915,13856406.46,0
916,10392304.85,0
917,20784609.69,0
918,13856406.46,0
919,10392304.85,0
920,10392304.85,0
921,10392304.85,0
922,20784609.69,0
923,13856406.46,0
924,10392304.85,0
925,10392304.85,0
926,10392304.85,0
927,20784609.69,0
928,13856406.46,0
929,10392304.85,0
930,10392304.85,0
931,10392304.85,0
932,20784609.69,0
933,13856406.46,0
937,20784609.69,0
938,20784609.69,0
939,20784609.69,0
940,20784609.69,0
941,20784609.69,0
942,20784609.69,0
943,13856406.46,0
944,10392304.85,0
945,10392304.85,0
946,10392304.85,0
947,20784609.69,0
948,13856406.46,0
949,10392304.85,0
950,10392304.85,0
951,10392304.85,0
952,20784609.69,0
953,13856406.46,0
954,10392304.85,0
955,10392304.85,0
956,10392304.85,0
957,20784609.69,0
958,13856406.46,0
959,10392304.85,0
960,10392304.85,0
961,2735658.34,0
964,6134755.375,0
965,20784609.69,0
966,41569219.38,0
967,41569219.38,0
968,20784609.69,0
969,20784609.69,0
970,41569219.38,0
971,20784609.69,0
972,41569219.38,0
973,20784609.69,0
974,20784609.69,0
975,20784609.69,0
976,20784609.69,0
977,41569219.38,0
978,20784609.69,0
979,20784609.69,0
980,20784609.69,0
981,20784609.69,0
982,41569219.38,0
983,20784609.69,0
984,20784609.69,0
985,20784609.69,0
986,20784609.69,0
987,41569219.38,0
988,36991999,0
992,14523753.67,0
993,20784609.69,0
994,20784609.69,0
995,13856406.46,0
996,10392304.85,0
997,41569219.38,0
998,13856406.46,0
999,10392304.85,0
1000,10392304.85,0
1001,10392304.85,0
1002,20784609.69,0
1003,13856406.46,0
1004,10392304.85,0
1005,10392304.85,0
1006,10392304.85,0
1007,20784609.69,0
1008,13856406.46,0
1009,10392304.85,0
1010,10392304.85,0
1011,10392304.85,0
1012,20784609.69,0
1013,13856406.46,0
1014,10392304.85,0
1015,10392304.85,0
1020,10392304.85,0
1021,13856406.46,0
1022,20784609.69,0
1023,13856406.46,0
1024,13856406.46,0
1025,20784609.69,0
1026,10392304.85,0
1027,20784609.69,0
1028,13856406.46,0
1029,10392304.85,0
1030,10392304.85,0
1031,10392304.85,0
1032,20784609.69,0
1033,13856406.46,0
1034,10392304.85,0
1035,10392304.85,0
1036,10392304.85,0
1037,20784609.69,0
1038,13856406.46,0
1039,10392304.85,0
1040,10392304.85,0
1041,10392304.85,0
1042,20784609.69,0
1043,10805405.81,0
1047,7417712.147,0
1048,20784609.69,0
1049,41569219.38,0
1050,20784609.69,0
1051,20784609.69,0
1052,41569219.38,0
1053,20784609.69,0
1054,20784609.69,0
1055,20784609.69,0
1056,20784609.69,0
1057,41569219.38,0
1058,20784609.69,0
1059,20784609.69,0
1060,20784609.69,0
1061,20784609.69,0
1062,41569219.38,0
1063,20784609.69,0
1064,20784609.69,0
1065,20784609.69,0
1066,20784609.69,0
1067,41569219.38,0
1068,20784609.69,0
1069,20784609.69,0
1070,20784609.69,0
1075,7817231.764,0
1076,13856406.46,0
1077,20784609.69,0
1078,13856406.46,0
1079,10392304.85,0
1080,20784609.69,0
1081,13856406.46,0
1082,41569219.38,0
1083,13856406.46,0
1084,10392304.85,0
1085,13856406.46,0
1086,10392304.85,0
1087,20784609.69,0
1088,13856406.46,0
1089,10392304.85,0
1090,10392304.85,0
1091,10392304.85,0
1092,20784609.69,0
1093,13856406.46,0
1094,10392304.85,0
1095,10392304.85,0
1096,10392304.85,0
1097,20784609.69,0
1098,10638154.32,0
1103,13856406.46,0
1104,20784609.69,0
1105,10392304.85,0
1106,10392304.85,0
1107,20784609.69,0
1108,20784609.69,0
1109,13856406.46,0
1110,20784609.69,0
1111,13856406.46,0
1112,20784609.69,0
1113,13856406.46,0
1114,10392304.85,0
1115,10392304.85,0
1116,10392304.85,0
1117,20784609.69,0
1118,13856406.46,0
1119,10392304.85,0
1120,10392304.85,0
1121,10392304.85,0
1122,20784609.69,0
1123,13856406.46,0
1124,10392304.85,0
1125,10392304.85,0
1130,0,0
1131,20784609.69,0
1132,41569219.38,0
1133,20784609.69,0
1134,20784609.69,0
1135,41569219.38,0
1136,20784609.69,0
1137,41569219.38,0
1138,41569219.38,0
1139,20784609.69,0
1140,41569219.38,0
1141,20784609.69,0
1142,41569219.38,0
1143,20784609.69,0
1144,20784609.69,0
1145,20784609.69,0
1146,20784609.69,0
1147,41569219.38,0
1148,20784609.69,0
1149,20784609.69,0
1150,20784609.69,0
1151,20784609.69,0
1152,41569219.38,0
1153,35186459.32,0
1158,6279571.366,0
1159,10392304.85,0
1160,20784609.69,0
1161,20784609.69,0
1162,41569219.38,0
1163,20784609.69,0
1164,10392304.85,0
1165,13856406.46,0
1166,13856406.46,0
1167,41569219.38,0
1168,13856406.46,0
1169,13856406.46,0
1170,10392304.85,0
1171,10392304.85,0
1172,20784609.69,0
1173,10392304.85,0
1174,10392304.85,0
1175,10392304.85,0
1176,10392304.85,0
1177,20784609.69,0
1178,10392304.85,0
1179,10392304.85,0
1180,10392304.85,0
1181,95930.10107,0
1186,13414530.59,0
1187,20784609.69,0
1188,41569219.38,0
1189,20784609.69,0
1190,41569219.38,0
1191,20784609.69,0
1192,20784609.69,0
1193,13856406.46,0
1194,20784609.69,0
1195,20784609.69,0
1196,20784609.69,0
1197,20784609.69,0
1198,13856406.46,0
1199,10392304.85,0
1200,10392304.85,0
1201,13856406.46,0
1202,20784609.69,0
1203,13856406.46,0
1204,10392304.85,0
1205,10392304.85,0
1206,13856406.46,0
1207,20784609.69,0
1208,11125266.32,0
1214,20784609.69,0
1215,41569219.38,0
1216,41569219.38,0
1217,41569219.38,0
1218,41569219.38,0
1219,20784609.69,0
1220,20784609.69,0
1221,20784609.69,0
1222,41569219.38,0
1223,41569219.38,0
1224,41569219.38,0
1225,20784609.69,0
1226,20784609.69,0
1227,41569219.38,0
1228,20784609.69,0
1229,20784609.69,0
1230,20784609.69,0
1231,20784609.69,0
1232,41569219.38,0
1233,20784609.69,0
1234,20784609.69,0
1235,20784609.69,0
1241,12875812.27,0
1242,41569219.38,0
1243,41569219.38,0
1244,41569219.38,0
1245,41569219.38,0
1246,20784609.69,0
1247,20784609.69,0
1248,20784609.69,0
1249,20784609.69,0
1250,20784609.69,0
1251,41569219.38,0
1252,41569219.38,0
1253,10392304.85,0
1254,10392304.85,0
1255,10392304.85,0
1256,10392304.85,0
1257,20784609.69,0
1258,10392304.85,0
1259,10392304.85,0
1260,10392304.85,0
1261,10392304.85,0
1262,20784609.69,0
1263,4485905.07,0
1269,13856406.46,0
1270,41569219.38,0
1271,41569219.38,0
1272,41569219.38,0
1273,20784609.69,0
1274,10392304.85,0
1275,13856406.46,0
1276,41569219.38,0
1277,20784609.69,0
1278,41569219.38,0
1279,41569219.38,0
1280,20784609.69,0
1281,13856406.46,0
1282,20784609.69,0
1283,13856406.46,0
1284,10392304.85,0
1285,10392304.85,0
1286,13856406.46,0
1287,20784609.69,0
1288,13856406.46,0
1289,10392304.85,0
1290,10297938.65,0
1296,12250639.79,0
1297,41569219.38,0
1298,41569219.38,0
1299,41569219.38,0
1300,41569219.38,0
1301,20784609.69,0
1302,41569219.38,0
1303,41569219.38,0
1304,20784609.69,0
1305,41569219.38,0
1306,41569219.38,0
1307,41569219.38,0
1308,20784609.69,0
1309,20784609.69,0
1310,20784609.69,0
1311,20784609.69,0
1312,41569219.38,0
1313,20784609.69,0
1314,20784609.69,0
1315,20784609.69,0
1316,20784609.69,0
1317,41569219.38,0
1318,283228.4941,0
1324,10392304.85,0
1325,13856406.46,0
1326,13856406.46,0
1327,41569219.38,0
1328,20784609.69,0
1329,13856406.46,0
1330,20784609.69,0
1331,20784609.69,0
1332,41569219.38,0
1333,41569219.38,0
1334,41569219.38,0
1335,41569219.38,0
1336,13856406.46,0
1337,20784609.69,0
1338,10392304.85,0
1339,10392304.85,0
1340,13856406.46,0
1341,13856406.46,0
1342,20784609.69,0
1343,10392304.85,0
1344,10392304.85,0
1345,6945286.091,0
1351,5252974.538,0
1352,20784609.69,0
1353,13856406.46,0
1354,20784609.69,0
1355,41569219.38,0
1356,20784609.69,0
1357,20784609.69,0
1358,20784609.69,0
1359,20784609.69,0
1360,41569219.38,0
1361,41569219.38,0
1362,41569219.38,0
1363,20784609.69,0
1364,10392304.85,0
1365,10392304.85,0
1366,13856406.46,0
1367,20784609.69,0
1368,20784609.69,0
1369,10392304.85,0
1370,10392304.85,0
1371,13856406.46,0
1372,20784609.69,0
1373,409.25537,0
1379,8886912.396,0
1380,10392304.85,0
1381,13856406.46,0
1382,41569219.38,0
1383,20784609.69,0
1384,20784609.69,0
1385,41569219.38,0
1386,41569219.38,0
1387,41569219.38,0
1388,41569219.38,0
1389,41569219.38,0
1390,41569219.38,0
1391,20784609.69,0
1392,20784609.69,0
1393,13856406.46,0
1394,10392304.85,0
1395,10392304.85,0
1396,13856406.46,0
1397,20784609.69,0
1398,13856406.46,0
1399,10392304.85,0
1400,9550722.753,0
1406,6559529.744,0
1407,20158651.46,0
1408,13856406.46,0
1409,20784609.69,0
1410,41569219.38,0
1411,20784609.69,0
1412,41569219.38,0
1413,41569219.38,0
1414,41569219.38,0
1415,41569219.38,0
1416,41569219.38,0
1417,41569219.38,0
1418,20784609.69,0
1419,13856406.46,0
1420,10392304.85,0
1421,10392304.85,0
1422,20784609.69,0
1423,10392304.85,0
1424,10392304.85,0
1425,10392304.85,0
1426,10392304.85,0
1427,20784609.69,0
1428,2645293.255,0
1433,4894031.262,0
1434,910003.8932,0
1435,20784609.69,0
1436,41569219.38,0
1437,41569219.38,0
1438,20784609.69,0
1439,20784609.69,0
1440,41569219.38,0
1441,41569219.38,0
1442,41569219.38,0
1443,41569219.38,0
1444,41569219.38,0
1445,41569219.38,0
1446,41569219.38,0
1447,41569219.38,0
1448,20784609.69,0
1449,20784609.69,0
1450,20784609.69,0
1451,20784609.69,0
1452,41569219.38,0
1453,20784609.69,0
1454,20784609.69,0
1455,18528141.45,0
1461,2702829.093,0
1462,18947967.61,0
1463,20784609.69,0
1464,41569219.38,0
1465,41569219.38,0
1466,20784609.69,0
1467,41569219.38,0
1468,41569219.38,0
1469,20784609.69,0
1470,20784609.69,0
1471,41569219.38,0
1472,41569219.38,0
1473,20784609.69,0
1474,20784609.69,0
1475,10392304.85,0
1476,13856406.46,0
1477,20784609.69,0
1478,13856406.46,0
1479,13856406.46,0
1480,13856406.46,0
1481,13856406.46,0
1482,20784609.69,0
1488,3475195.033,0
1489,277603.4563,0
1490,10392304.85,0
1491,20784609.69,0
1492,41569219.38,0
1493,20784609.69,0
1494,13856406.46,0
1495,41569219.38,0
1496,41569219.38,0
1497,20784609.69,0
1498,41569219.38,0
1499,41569219.38,0
1500,20784609.69,0
1501,20784609.69,0
1502,20784609.69,0
1503,10392304.85,0
1504,10392304.85,0
1505,10392304.85,0
1506,10392304.85,0
1507,41569219.38,0
1508,10392304.85,0
1509,10392304.85,0
1510,5115147.757,0
1516,19089556.19,0
1517,13031167.13,0
1518,20784609.69,0
1519,41569219.38,0
1520,41569219.38,0
1521,41569219.38,0
1522,41569219.38,0
1523,41569219.38,0
1524,20784609.69,0
1525,20784609.69,0
1526,41569219.38,0
1527,41569219.38,0
1528,20784609.69,0
1529,20784609.69,0
1530,20784609.69,0
1531,20784609.69,0
1532,41569219.38,0
1533,20784609.69,0
1534,20784609.69,0
1535,20784609.69,0
1536,20784609.69,0
1537,41569219.38,0
1543,4991252.931,0
1544,3883381.981,0
1545,3440457.075,0
1546,20784609.69,0
1547,41569219.38,0
1548,41569219.38,0
1549,20784609.69,0
1550,41569219.38,0
1551,41569219.38,0
1552,20784609.69,0
1553,20784609.69,0
1554,13856406.46,0
1555,10392304.85,0
1556,20784609.69,0
1557,20784609.69,0
1558,13856406.46,0
1559,10392304.85,0
1560,10392304.85,0
1561,20784609.69,0
1562,41569219.38,0
1563,13856406.46,0
1564,13637541.66,0
1565,7146141.513,0
1571,10392304.85,0
1572,10783541.19,0
1573,7306888.178,0
1574,41569219.38,0
1575,41569219.38,0
1576,41569219.38,0
1577,41569219.38,0
1578,41569219.38,0
1579,13856406.46,0
1580,10392304.85,0
1581,13856406.46,0
1582,20784609.69,0
1583,13856406.46,0
1584,13856406.46,0
1585,10392304.85,0
1586,10392304.85,0
1587,20784609.69,0
1588,13856406.46,0
1589,20784609.69,0
1590,13856406.46,0
1591,3868419.401,0
1592,8300783.643,0
1593,944258.7617,0
1598,3015763.171,0
1599,20784609.69,0
1600,527336.8313,0
1601,20784609.69,0
1602,41569219.38,0
1603,41569219.38,0
1604,20784609.69,0
1605,41569219.38,0
1606,41569219.38,0
1607,41569219.38,0
1608,20784609.69,0
1609,20784609.69,0
1610,20784609.69,0
1611,20784609.69,0
1612,41569219.38,0
1613,20784609.69,0
1614,20784609.69,0
1615,20784609.69,0
1616,20784609.69,0
1617,41569219.38,0
1618,20784609.69,0
1620,8483706.669,0
1626,10069317.11,0
1627,17648991.49,0
1628,20585660.79,0
1629,41569219.38,0
1630,41569219.38,0
1631,20784609.69,0
1632,41569219.38,0
1633,41569219.38,0
1634,13856406.46,0
1635,10392304.85,0
1636,10392304.85,0
1637,20784609.69,0
1638,13856406.46,0
1639,10392304.85,0
1640,10392304.85,0
1641,10392304.85,0
1642,20784609.69,0
1643,13856406.46,0
1644,10392304.85,0
1645,10392304.85,0
1646,1902684.72,0
1647,3508956.582,0
1648,10755.40308,0
1653,1957900.68,0
1654,10392304.85,0
1655,9744104.542,0
1656,20784609.69,0
1657,41569219.38,0
1658,20784609.69,0
1659,13856406.46,0
1660,41569219.38,0
1661,41569219.38,0
1662,20784609.69,0
1663,13856406.46,0
1664,10392304.85,0
1665,10392304.85,0
1666,10392304.85,0
1667,20784609.69,0
1668,13856406.46,0
1669,10392304.85,0
1670,10392304.85,0
1671,10392304.85,0
1672,20784609.69,0
1673,8730059.239,0
1675,6233364.305,0
1681,20148665.95,0
1682,41569219.38,0
1683,41569219.38,0
1684,41569219.38,0
1685,41569219.38,0
1686,20784609.69,0
1687,41569219.38,0
1688,41569219.38,0
1689,20784609.69,0
1690,20784609.69,0
1691,20784609.69,0
1692,41569219.38,0
1693,20784609.69,0
1694,20784609.69,0
1695,20784609.69,0
1696,20784609.69,0
1697,41569219.38,0
1698,20784609.69,0
1699,20784609.69,0
1700,20784609.69,0
1702,12132094.89,0
1708,546701.3591,0
1709,10392304.85,0
1710,20784609.69,0
1711,41569219.38,0
1712,41569219.38,0
1713,20784609.69,0
1714,10392304.85,0
1715,20784609.69,0
1716,13856406.46,0
1717,20784609.69,0
1718,13856406.46,0
1719,10392304.85,0
1720,10392304.85,0
1721,10392304.85,0
1722,20784609.69,0
1723,13856406.46,0
1724,10392304.85,0
1725,10392304.85,0
1726,10392304.85,0
1727,20784609.69,0
1728,2278064.984,0
1730,3246521.41,0
1736,7438081.788,0
1737,20784609.69,0
1738,41569219.38,0
1739,41569219.38,0
1740,41569219.38,0
1741,13856406.46,0
1742,20784609.69,0
1743,13856406.46,0
1744,10392304.85,0
1745,10392304.85,0
1746,10392304.85,0
1747,20784609.69,0
1748,13856406.46,0
1749,10392304.85,0
1750,10392304.85,0
1751,10392304.85,0
1752,20784609.69,0
1753,13856406.46,0
1754,10392304.85,0
1755,9486566.636,0
1757,5867785.281,0
1763,446463.8745,0
1764,20784609.69,0
1765,41569219.38,0
1766,41569219.38,0
1767,41569219.38,0
1768,20784609.69,0
1769,20784609.69,0
1770,41569219.38,0
1771,20784609.69,0
1772,41569219.38,0
1773,20784609.69,0
1774,20784609.69,0
1775,20784609.69,0
1776,20784609.69,0
1777,41569219.38,0
1778,20784609.69,0
1779,20784609.69,0
1780,20784609.69,0
1781,20784609.69,0
1782,41569219.38,0
1783,1309043.341,0
1785,2458848.175,0
1791,4922973.803,0
1792,41569219.38,0
1793,41569219.38,0
1794,41569219.38,0
1795,20784609.69,0
1796,10392304.85,0
1797,20784609.69,0
1798,20784609.69,0
1799,10392304.85,0
1800,10392304.85,0
1801,10392304.85,0
1802,20784609.69,0
1803,13856406.46,0
1804,10392304.85,0
1805,10392304.85,0
1806,10392304.85,0
1807,20784609.69,0
1808,13856406.46,0
1809,10392304.85,0
1810,5612144.499,0
1812,507224.6616,0
1819,12226762.1,0
1820,41569219.38,0
1821,41569219.38,0
1822,41569219.38,0
1823,13856406.46,0
1824,13856406.46,0
1825,20784609.69,0
1826,13856406.46,0
1827,20784609.69,0
1828,13856406.46,0
1829,10392304.85,0
1830,10392304.85,0
1831,10392304.85,0
1832,20784609.69,0
1833,13856406.46,0
1834,10392304.85,0
1835,10392304.85,0
1836,10392304.85,0
1837,20784609.69,0
1846,2597.28613,0
1847,41569219.38,0
1848,41569219.38,0
1849,41569219.38,0
1850,20784609.69,0
1851,20784609.69,0
1852,41569219.38,0
1853,20784609.69,0
1854,20784609.69,0
1855,20784609.69,0
1856,20784609.69,0
1857,41569219.38,0
1858,20784609.69,0
1859,20784609.69,0
1860,20784609.69,0
1861,20784609.69,0
1862,41569219.38,0
1863,20784609.69,0
1864,20784609.69,0
1865,10423836.01,0
1874,7436928.708,0
1875,20784609.69,0
1876,41569219.38,0
1877,20784609.69,0
1878,20784609.69,0
1879,41569219.38,0
1880,20784609.69,0
1881,10392304.85,0
1882,20784609.69,0
1883,10392304.85,0
1884,10392304.85,0
1885,10392304.85,0
1886,10392304.85,0
1887,20784609.69,0
1888,10392304.85,0
1889,10392304.85,0
1890,10392304.85,0
1891,10392304.85,0
1892,20372972.45,0
1902,20784609.69,0
1903,41569219.38,0
1904,20784609.69,0
1905,20784609.69,0
1906,20784609.69,0
1907,41569219.38,0
1908,13856406.46,0
1909,10392304.85,0
1910,10392304.85,0
1911,13856406.46,0
1912,20784609.69,0
1913,13856406.46,0
1914,10392304.85,0
1915,10392304.85,0
1916,13856406.46,0
1917,20784609.69,0
1918,13856406.46,0
1919,9093723.024,0
1920,2478321.056,0
1929,7140682.175,0
1930,20784609.69,0
1931,41569219.38,0
1932,41569219.38,0
1933,20784609.69,0
1934,41569219.38,0
1935,41569219.38,0
1936,20784609.69,0
1937,41569219.38,0
1938,20784609.69,0
1939,20784609.69,0
1940,20784609.69,0
1941,20784609.69,0
1942,41569219.38,0
1943,20784609.69,0
1944,20784609.69,0
1945,20784609.69,0
1946,20784609.69,0
1947,7608153.621,0
1948,793321.2441,0
1957,20784609.69,0
1958,41569219.38,0
1959,20784609.69,0
1960,41569219.38,0
1961,20784609.69,0
1962,41569219.38,0
1963,20784609.69,0
1964,10392304.85,0
1965,10392304.85,0
1966,10392304.85,0
1967,20784609.69,0
1968,10392304.85,0
1969,10392304.85,0
1970,10392304.85,0
1971,10392304.85,0
1972,20784609.69,0
1973,10392304.85,0
1974,9805037.143,0
1975,1322248.811,0
1984,2776109.699,0
1985,13856406.46,0
1986,41569219.38,0
1987,41569219.38,0
1988,20784609.69,0
1989,41569219.38,0
1990,41569219.38,0
1991,20784609.69,0
1992,20784609.69,0
1993,13856406.46,0
1994,10392304.85,0
1995,10392304.85,0
1996,13856406.46,0
1997,20784609.69,0
1998,13856406.46,0
1999,10392304.85,0
2000,10392304.85,0
2001,13856406.46,0
2002,5495079.022,0
2003,17836071.7,0
2012,41271699.9,0
2013,41569219.38,0
2014,20784609.69,0
2015,41569219.38,0
2016,20784609.69,0
2017,41569219.38,0
2018,41569219.38,0
2019,20784609.69,0
2020,20784609.69,0
2021,20784609.69,0
2022,41569219.38,0
2023,20784609.69,0
2024,20784609.69,0
2025,20784609.69,0
2026,20784609.69,0
2027,41569219.38,0
2028,20784609.69,0
2029,20784609.69,0
2030,8362113.395,0
2031,1807426.156,0
2039,465872.3311,0
2040,10392304.85,0
2041,20784609.69,0
2042,20784609.69,0
2043,20784609.69,0
2044,41569219.38,0
2045,41569219.38,0
2046,41569219.38,0
2047,20784609.69,0
2048,10392304.85,0
2049,10392304.85,0
2050,10392304.85,0
2051,10392304.85,0
2052,20784609.69,0
2053,10392304.85,0
2054,10392304.85,0
2055,10392304.85,0
2056,10392304.85,0
2057,5590199.482,0
2058,5598572.831,0
2067,355745.29,0
2068,20784609.69,0
2069,20784609.69,0
2070,20784609.69,0
2071,20784609.69,0
2072,41569219.38,0
2073,41569219.38,0
2074,20784609.69,0
2075,10392304.85,0
2076,13856406.46,0
2077,20784609.69,0
2078,13856406.46,0
2079,10392304.85,0
2080,10392304.85,0
2081,13037160.46,0
2082,20784609.69,0
2083,13856406.46,0
2084,8940637.825,0
2085,11079946.21,0
2095,14345384.04,0
2096,20784609.69,0
2097,41569219.38,0
2098,13856406.46,0
2099,41569219.38,0
2100,41569219.38,0
2101,41569219.38,0
2102,20784609.69,0
2103,13856406.46,0
2104,10392304.85,0
2105,10392304.85,0
2106,13856406.46,0
2107,20784609.69,0
2108,13293213.01,0
2109,11192300.77,0
2110,10392304.85,0
2111,13856345.56,0
2112,196383.8811,0
2113,1467346.361,0
2122,3139374.782,0
2123,13485890.95,0
2124,41569219.38,0
2125,13856406.46,0
2126,13856406.46,0
2127,41569219.38,0
2128,41569219.38,0
2129,20784609.69,0
2130,10392304.85,0
2131,10392304.85,0
2132,20784609.69,0
2133,10392304.85,0
2134,10392304.85,0
2135,5760831.307,0
2136,4690986.958,0
2137,11966306.72,0
2138,10392304.85,0
2139,390048.1978,0
2150,50371.96436,0
2151,20784609.69,0
2152,41569219.38,0
2153,20784609.69,0
2154,41569219.38,0
2155,41569219.38,0
2156,41569219.38,0
2157,41569219.38,0
2158,20784609.69,0
2159,20784609.69,0
2160,20784609.69,0
2161,20784609.69,0
2162,41569219.38,0
2163,19724431.18,0
2164,2986571.295,0
2165,20784609.69,0
2166,7167805.256,0
2178,3206109.617,0
2179,13856406.46,0
2180,13856406.46,0
2181,13856406.46,0
2182,20784609.69,0
2183,20784609.69,0
2184,10392304.85,0
2185,10392304.85,0
2186,13856406.46,0
2187,20784609.69,0
2188,13856406.46,0
2189,10392304.85,0
2190,3384169.537,0
2191,5523062.109,0
2192,20936339.48,0
2193,13711474.93,0
2194,3555390.927,0
2206,10162532.33,0
2207,20784609.69,0
2208,10392304.85,0
2209,13856406.46,0
2210,13856406.46,0
2211,13856406.46,0
2212,20784609.69,0
2213,10392304.85,0
2214,10392304.85,0
2215,10392304.85,0
2216,10392304.85,0
2217,20784609.69,0
2218,2804725.935,0
2220,2253886.818,0
2221,4640632.655,0
2222,2963563.957,0
2233,2540392.362,0
2234,20784609.69,0
2235,41569219.38,0
2236,20784609.69,0
2237,41569219.38,0
2238,20784609.69,0
2239,20784609.69,0
2240,20784609.69,0
2241,20784609.69,0
2242,41569219.38,0
2243,20784609.69,0
2244,20784609.69,0
2245,2557772.491,0
2246,18577773.09,0
2247,5189454.521,0
2248,2296943.022,0
2249,20548960.95,0
2261,10451725.82,0
2262,20784609.69,0
2263,13856406.46,0
2264,13856406.46,0
2265,13856406.46,0
2266,13856406.46,0
2267,20784609.69,0
2268,20784609.69,0
2269,10392304.85,0
2270,10392304.85,0
2271,13856406.46,0
2272,10843634.1,0
2273,2346535.117,0
2274,1538412.089,0
2275,5272575.371,0
2276,10660068.27,0
2277,5897293.814,0
2289,8132987.244,0
2290,13856406.46,0
2291,10392304.85,0
2292,20784609.69,0
2293,13856406.46,0
2294,13856406.46,0
2295,20784609.69,0
2296,13856406.46,0
2297,20784609.69,0
2298,10392304.85,0
2299,9711841.775,0
2300,655819.2023,0
2301,3667129.586,0
2302,9913752.613,0
2303,290051.0348,0
2304,8648853.516,0
2316,1739836.491,0
2317,40926420.06,0
2318,20784609.69,0
2319,41569219.38,0
2320,41569219.38,0
2321,41569219.38,0
2322,41569219.38,0
2323,20784609.69,0
2324,20784609.69,0
2325,20426733.28,0
2326,20784609.69,0
2327,5190227.129,0
2328,4125853.389,0
2329,3747706.5,0
2330,8500538.147,0
2331,10058211.23,0
2344,7689307.369,0
2345,9862087.747,0
2346,13856406.46,0
2347,41569219.38,0
2348,41569219.38,0
2349,41569219.38,0
2350,41569219.38,0
2351,13856406.46,0
2352,8257186.94,0
2353,13856406.46,0
2354,8627655.692,0
2355,3903395.156,0
2357,17234706.81,0
2358,8124241.27,0
2359,7513284.854,0
2372,15342377.75,0
2373,13856406.46,0
2374,41569219.38,0
2375,41569219.38,0
2376,41569219.38,0
2377,41569219.38,0
2378,20784609.69,0
2379,10392304.85,0
2380,10256737.59,0
2381,10392304.85,0
2382,8133372.902,0
2385,7062281.597,0
2386,10337546.79,0
2399,7289908.525,0
2400,12178736.82,0
2401,20784609.69,0
2402,41569219.38,0
2403,41569219.38,0
2404,41569219.38,0
2405,41569219.38,0
2406,20784609.69,0
2407,3114427.764,0
2408,680162.8687,0
2409,8915901.374,0
2410,10526782.3,0
2412,4414754.323,0
2413,20013084.68,0
2414,11686053.79,0
2427,4452931.622,0
2428,20784609.69,0
2429,41569219.38,0
2430,41569219.38,0
2431,41569219.38,0
2432,41569219.38,0
2433,20784609.69,0
2434,10392304.85,0
2435,3390429.634,0
2436,10392304.85,0
2437,2078166.09,0
2440,10392304.85,0
2441,2792551.559,0
2442,276482.0767,0
2455,1482119.458,0
2456,20784609.69,0
2457,41569219.38,0
2458,41569219.38,0
2459,41569219.38,0
2460,41569219.38,0
2461,13856406.46,0
2462,20784609.69,0
2463,6780367.84,0
2464,3717711.766,0
2465,6439060.922,0
2467,2628884.388,0
2468,9667231.699,0
2469,5812509.33,0
2482,3923317.112,0
2483,20784609.69,0
2484,41569219.38,0
2485,41569219.38,0
2486,41569219.38,0
2487,41569219.38,0
2488,20784609.69,0
2489,20784609.69,0
2490,16319295.33,0
2491,10814154.62,0
2492,393583.8809,0
2495,6986107.382,0
2496,2359883.918,0
2510,4477856.71,0
2511,10392304.85,0
2512,20784609.69,0
2513,41569219.38,0
2514,41569219.38,0
2515,41569219.38,0
2516,13856406.46,0
2517,11916878.86,0
2519,7372107.938,0
2524,2977591.562,0
2538,13856406.46,0
2539,20784609.69,0
2540,20784609.69,0
2541,41569219.38,0
2542,41569219.38,0
2543,20784609.69,0
2544,10392304.85,0
2545,2290258.149,0
2546,10566799.49,0
2547,2996967.534,0
2565,7133945.981,0
2566,20783215.94,0
2567,41569219.38,0
2568,41569219.38,0
2569,41569219.38,0
2570,41569219.38,0
2571,20784609.69,0
2572,36304348.68,0
2573,315682.1506,0
2574,20749453,0
2593,8094757.592,0
2594,13471312.63,0
2595,10382249.74,0
2596,13856406.46,0
2597,41569219.38,0
2598,13856406.46,0
2599,9944109.568,0
2600,2199371.871,0
2601,5521936.119,0
2602,11303787.84,0
2620,0,0
2621,1738855.027,0
2622,8581793.68,0
2623,13329340.17,0
2624,20784609.69,0
2625,41569219.38,0
2626,13856406.46,0
2627,2768646.873,0
2628,2978923.542,0
2629,10349300.65,0
2648,5184629.773,0
2649,673349.4126,0
2650,3475608.768,0
2651,8853674.137,0
2652,41569219.38,0
2653,20784609.69,0
2654,17451036.76,0
2656,3644742.254,0
2657,725424.3374,0
2678,375944.0957,0
2679,2614885.725,0
2680,13856406.46,0
2681,7109942.49,0
2683,1897865.308,0
2684,3553571.553,0
2707,2236394.838,0
2708,13649554.68,0
2709,555101.2266,0
2735,12468780.22,0
2736,14817451.15,0
2762,520728.937,0
2763,1766969.628,0
2791,86578.43604,0